name: nohuman_v0.3.0
channels:
  - conda-forge
  - bioconda
dependencies:
  - _libgcc_mutex=0.1=conda_forge
  - _openmp_mutex=4.5=2_gnu
  - blast=2.16.0=h66d330f_4
  - bzip2=1.0.8=h4bc722e_7
  - c-ares=1.34.4=hb9d3cd8_0
  - ca-certificates=2024.12.14=hbcca054_0
  - curl=8.11.1=h332b0f4_0
  - entrez-direct=22.4=he881be0_0
  - gettext=0.22.5=he02047a_3
  - gettext-tools=0.22.5=he02047a_3
  - keyutils=1.6.1=h166bdaf_0
  - kraken2=2.1.3=pl5321h077b44d_4
  - krb5=1.21.3=h659f571_0
  - ld_impl_linux-64=2.43=h712a8e2_2
  - libasprintf=0.22.5=he8f35ee_3
  - libasprintf-devel=0.22.5=he8f35ee_3
  - libcurl=8.11.1=h332b0f4_0
  - libedit=3.1.20240808=pl5321h7949ede_0
  - libev=4.33=hd590300_2
  - libexpat=2.6.4=h5888daf_0
  - libffi=3.4.2=h7f98852_5
  - libgcc=14.2.0=h77fa898_1
  - libgcc-ng=14.2.0=h69a702a_1
  - libgettextpo=0.22.5=he02047a_3
  - libgettextpo-devel=0.22.5=he02047a_3
  - libgomp=14.2.0=h77fa898_1
  - libiconv=1.17=hd590300_2
  - libidn2=2.3.7=hd590300_0
  - liblzma=5.6.3=hb9d3cd8_1
  - libmpdec=4.0.0=h4bc722e_0
  - libnghttp2=1.64.0=h161d5f1_0
  - libsqlite=3.48.0=hee588c1_0
  - libssh2=1.11.1=hf672d98_0
  - libstdcxx=14.2.0=hc0a3c3a_1
  - libstdcxx-ng=14.2.0=h4852527_1
  - libunistring=0.9.10=h7f98852_0
  - libuuid=2.38.1=h0b41bf4_0
  - libxcrypt=4.4.36=hd590300_1
  - libzlib=1.3.1=hb9d3cd8_2
  - lz4-c=1.10.0=h5888daf_1
  - ncbi-vdb=3.2.0=h9948957_0
  - ncurses=6.5=h2d0b736_2
  - nohuman=0.3.0=hc1c3326_1
  - openssl=3.4.0=h7b32b05_1
  - perl=5.32.1=7_hd590300_perl5
  - perl-archive-tar=2.40=pl5321hdfd78af_0
  - perl-carp=1.38=pl5321hdfd78af_4
  - perl-common-sense=3.75=pl5321hdfd78af_0
  - perl-compress-raw-bzip2=2.201=pl5321h87f3376_1
  - perl-compress-raw-zlib=2.105=pl5321h87f3376_0
  - perl-encode=3.19=pl5321hec16e2b_1
  - perl-exporter=5.72=pl5321hdfd78af_2
  - perl-exporter-tiny=1.002002=pl5321hdfd78af_0
  - perl-extutils-makemaker=7.70=pl5321hd8ed1ab_0
  - perl-io-compress=2.201=pl5321h503566f_4
  - perl-io-zlib=1.14=pl5321hdfd78af_0
  - perl-json=4.10=pl5321hdfd78af_1
  - perl-json-xs=4.03=pl5321h9948957_4
  - perl-list-moreutils=0.430=pl5321hdfd78af_0
  - perl-list-moreutils-xs=0.430=pl5321h7b50bb2_4
  - perl-parent=0.236=pl5321hdfd78af_2
  - perl-pathtools=3.75=pl5321hec16e2b_3
  - perl-scalar-list-utils=1.62=pl5321hec16e2b_1
  - perl-types-serialiser=1.01=pl5321hdfd78af_0
  - pip=24.3.1=pyh145f28c_2
  - popt=1.16=1
  - python=3.13.1=ha99a958_105_cp313
  - python_abi=3.13=5_cp313
  - readline=8.2=h8228510_1
  - rpsbproc=0.5.0=hd6d6fdc_2
  - rsync=3.4.1=h168f954_0
  - tar=1.34=hb2e2bae_1
  - tk=8.6.13=noxft_h4845f30_101
  - tzdata=2025a=h78e105d_0
  - wget=1.21.4=hda4d442_0
  - xxhash=0.8.3=hb9d3cd8_0
  - zlib=1.3.1=hb9d3cd8_2
  - zstd=1.5.6=ha6fb4c9_0
